## 総復習

01.以下の文章を出力しましょう

```java
Javaプログラミングを始めましょう！
```


02.三角形の幅、高さの整数を変数宣言し、以下を表示させましょう

```java
幅：　100
高さ：　70
面積：　3500
```


03.10と3の2つの整数を変数宣言し、算術演算子を使用して以下のように表示させましょう

```java
足し算：13
引き算：7
掛け算：30
割り算：3
余り：1
```


04.繰返し処理で以下を表示させましょう

```java
12345678910
```


05.掛け算九九を 表示させましょう

```java
1 2 3 4 5 6 7 8 9
2 4 6 8 10 12 14 16 18
3 6 9 12 15 18 21 24 27
4 8 12 16 20 24 28 32 36
5 10 15 20 25 30 35 40 45
6 12 18 24 30 36 42 48 54
7 14 21 28 35 42 49 56 63
8 16 24 32 40 48 56 64 72
9 18 27 36 45 54 63 72 81
```


06.西暦 （任意 を変数宣言し、うるう年かどうか判別し、以下を表示させましょう
  （うるう年は、4で割切れ、かつ、100で割切ることができません）
```java
・xxxx 年は、うるう年です。
・xxxx 年は、うるう年ではありません。
```


07.5人分の点数の配列を宣言し、以下を表示させましょう(for文を使用)

```java
1人目は、 60 点です。
2人目は、 70 点です。
3人目は、 80 点です。
4人目は、 90 点です。
5人目は、 100 点です。
```


08.同数の氏名の配列を宣言し、以下を表示させましょう

```java
Aさんは、 60 点です。
Bさんは、 70 点です。
Cさんは、 80 点です。 【合格】
Dさんは、 90 点です。 【合格】
Eさんは、 100 点です。 【合格】
```


09.5 つの文字型の配列をカンマ区切りで表示しましょう(拡張for文を使用)

```java
名前1, 名前 2, 名前 3, 名前 4, 名前 5
```


10.メインメソッドから引数を渡して、氏名と年齢を出力するプログラムを作成しましょう

```java
・「氏名」と「年齢」をメインメソッドで宣言する
・メインメソッドから「氏名」と「年齢」を引数として渡す
・渡された引数を使用し、出力するメソッドを作成する
(例)花子さんは15歳です。
```

11.引数で渡した動物の鳴き声を表示するプログラムを作成しましょう。

```java
・動物名を入れる配列animalを宣言する
・動物の鳴き声を入れる配列cryを宣言する
・引数に渡された動物の鳴き声を返すメソッドを作成する
(例)引数：猫
    出力結果：ニャー
```

[answer_"総復習"](https://github.com/ktsuru-cw/Java_training/blob/master/Answer/answer_%22%E7%B7%8F%E5%BE%A9%E7%BF%92%22.md)
